dozens,slots,deadlock
100,100,100
100,125,100
100,150,98
100,175,97
100,200,93
100,225,89
100,250,89
100,275,71
100,300,79
100,325,65
100,350,57
100,375,48
100,400,34
100,425,37
100,450,32
100,475,19
100,500,14
100,525,19
100,550,14
100,575,10
100,600,13
100,625,11
100,650,7
100,675,1
100,700,3
100,725,2
100,750,1
100,775,4
100,800,0
100,825,0
100,850,1
100,875,0
100,900,1
100,925,0
100,950,0
100,975,0
100,1000,0
100,1025,0
100,1050,0
100,1075,0
100,1100,0
100,1125,0
100,1150,1
100,1175,0
100,1200,1
100,1225,0
100,1250,0
100,1275,1
100,1300,0
100,1325,0
100,1350,0
100,1375,1
100,1400,0
100,1425,0
100,1450,0
100,1475,0
100,1500,0
