dozens,slots,deadlock
150,100,100
150,125,100
150,150,100
150,175,100
150,200,99
150,225,96
150,250,93
150,275,97
150,300,84
150,325,84
150,350,79
150,375,67
150,400,65
150,425,50
150,450,56
150,475,40
150,500,39
150,525,37
150,550,38
150,575,34
150,600,26
150,625,16
150,650,19
150,675,17
150,700,10
150,725,5
150,750,5
150,775,4
150,800,4
150,825,1
150,850,4
150,875,4
150,900,2
150,925,0
150,950,1
150,975,1
150,1000,0
150,1025,1
150,1050,0
150,1075,0
150,1100,0
150,1125,0
150,1150,0
150,1175,1
150,1200,0
150,1225,0
150,1250,0
150,1275,0
150,1300,0
150,1325,0
150,1350,0
150,1375,0
150,1400,0
150,1425,0
150,1450,0
150,1475,0
150,1500,1
