dozens,slots,deadlock
200,100,100
200,125,100
200,150,100
200,175,100
200,200,100
200,225,98
200,250,99
200,275,98
200,300,93
200,325,92
200,350,85
200,375,80
200,400,79
200,425,77
200,450,72
200,475,57
200,500,57
200,525,48
200,550,52
200,575,46
200,600,38
200,625,45
200,650,34
200,675,30
200,700,29
200,725,16
200,750,16
200,775,14
200,800,11
200,825,9
200,850,14
200,875,12
200,900,5
200,925,7
200,950,5
200,975,3
200,1000,5
200,1025,3
200,1050,2
200,1075,2
200,1100,1
200,1125,2
200,1150,0
200,1175,1
200,1200,0
200,1225,1
200,1250,1
200,1275,0
200,1300,1
200,1325,0
200,1350,0
200,1375,0
200,1400,0
200,1425,0
200,1450,0
200,1475,0
200,1500,0
