dozens,slots,deadlock
300,100,100
300,125,100
300,150,100
300,175,100
300,200,100
300,225,100
300,250,100
300,275,100
300,300,99
300,325,99
300,350,98
300,375,96
300,400,97
300,425,91
300,450,91
300,475,87
300,500,81
300,525,76
300,550,73
300,575,83
300,600,72
300,625,64
300,650,59
300,675,46
300,700,49
300,725,41
300,750,40
300,775,36
300,800,32
300,825,21
300,850,26
300,875,28
300,900,20
300,925,17
300,950,17
300,975,12
300,1000,13
300,1025,18
300,1050,13
300,1075,11
300,1100,7
300,1125,3
300,1150,4
300,1175,4
300,1200,5
300,1225,4
300,1250,5
300,1275,1
300,1300,1
300,1325,3
300,1350,0
300,1375,0
300,1400,0
300,1425,0
300,1450,0
300,1475,1
300,1500,0
