dozens,slots,deadlock
250,100,100
250,125,100
250,150,100
250,175,100
250,200,100
250,225,99
250,250,99
250,275,98
250,300,96
250,325,99
250,350,94
250,375,92
250,400,91
250,425,84
250,450,75
250,475,84
250,500,71
250,525,69
250,550,68
250,575,60
250,600,56
250,625,51
250,650,38
250,675,42
250,700,37
250,725,32
250,750,24
250,775,23
250,800,22
250,825,19
250,850,17
250,875,19
250,900,13
250,925,18
250,950,8
250,975,7
250,1000,8
250,1025,7
250,1050,6
250,1075,4
250,1100,3
250,1125,3
250,1150,4
250,1175,1
250,1200,1
250,1225,1
250,1250,1
250,1275,1
250,1300,1
250,1325,0
250,1350,2
250,1375,1
250,1400,1
250,1425,9
250,1450,1
250,1475,0
250,1500,1
